/*static struct float_qij default_qij = {
    .value = {
        { -1.00000000, -1.00000000, -1.00000000, -1.00000000, -1.00000000, -1.00000000, -1.00000000, -1.00000000, -1.00000000, -1.00000000, -1.00000000, -1.00000000, -1.00000000, -1.00000000, -1.00000000, -1.00000000, -1.00000000, -1.00000000, -1.00000000, -1.00000000, -1.00000000},
        { -1.00000000,  0.02150000,  0.00230000,  0.00190000,  0.00220000,  0.00160000,  0.00190000,  0.00300000,  0.00580000,  0.00110000,  0.00320000,  0.00440000,  0.00330000,  0.00130000,  0.00160000,  0.00220000,  0.00630000,  0.00370000,  0.00040000,  0.00130000,  0.00510000},
        { -1.00000000,  0.00230000,  0.01780000,  0.00200000,  0.00160000,  0.00040000,  0.00250000,  0.00270000,  0.00170000,  0.00120000,  0.00120000,  0.00240000,  0.00620000,  0.00080000,  0.00090000,  0.00100000,  0.00230000,  0.00180000,  0.00030000,  0.00090000,  0.00160000},
        { -1.00000000,  0.00190000,  0.00200000,  0.01410000,  0.00370000,  0.00040000,  0.00150000,  0.00220000,  0.00290000,  0.00140000,  0.00100000,  0.00140000,  0.00240000,  0.00050000,  0.00080000,  0.00090000,  0.00310000,  0.00220000,  0.00020000,  0.00070000,  0.00120000},
        { -1.00000000,  0.00220000,  0.00160000,  0.00370000,  0.02130000,  0.00040000,  0.00160000,  0.00490000,  0.00250000,  0.00100000,  0.00120000,  0.00150000,  0.00240000,  0.00050000,  0.00080000,  0.00120000,  0.00280000,  0.00190000,  0.00020000,  0.00060000,  0.00130000},
        { -1.00000000,  0.00160000,  0.00040000,  0.00040000,  0.00040000,  0.01190000,  0.00030000,  0.00040000,  0.00080000,  0.00020000,  0.00110000,  0.00160000,  0.00050000,  0.00040000,  0.00050000,  0.00040000,  0.00100000,  0.00090000,  0.00010000,  0.00030000,  0.00140000},
        { -1.00000000,  0.00190000,  0.00250000,  0.00150000,  0.00160000,  0.00030000,  0.00730000,  0.00350000,  0.00140000,  0.00100000,  0.00090000,  0.00160000,  0.00310000,  0.00070000,  0.00050000,  0.00080000,  0.00190000,  0.00140000,  0.00020000,  0.00070000,  0.00120000},
        { -1.00000000,  0.00300000,  0.00270000,  0.00220000,  0.00490000,  0.00040000,  0.00350000,  0.01610000,  0.00190000,  0.00140000,  0.00120000,  0.00200000,  0.00410000,  0.00070000,  0.00090000,  0.00140000,  0.00300000,  0.00200000,  0.00030000,  0.00090000,  0.00170000},
        { -1.00000000,  0.00580000,  0.00170000,  0.00290000,  0.00250000,  0.00080000,  0.00140000,  0.00190000,  0.03780000,  0.00100000,  0.00140000,  0.00210000,  0.00250000,  0.00070000,  0.00120000,  0.00140000,  0.00380000,  0.00220000,  0.00040000,  0.00080000,  0.00180000},
        { -1.00000000,  0.00110000,  0.00120000,  0.00140000,  0.00100000,  0.00020000,  0.00100000,  0.00140000,  0.00100000,  0.00930000,  0.00060000,  0.00100000,  0.00120000,  0.00040000,  0.00080000,  0.00050000,  0.00110000,  0.00070000,  0.00020000,  0.00150000,  0.00060000},
        { -1.00000000,  0.00320000,  0.00120000,  0.00100000,  0.00120000,  0.00110000,  0.00090000,  0.00120000,  0.00140000,  0.00060000,  0.01840000,  0.01140000,  0.00160000,  0.00250000,  0.00300000,  0.00100000,  0.00170000,  0.00270000,  0.00040000,  0.00140000,  0.01200000},
        { -1.00000000,  0.00440000,  0.00240000,  0.00140000,  0.00150000,  0.00160000,  0.00160000,  0.00200000,  0.00210000,  0.00100000,  0.01140000,  0.03710000,  0.00250000,  0.00490000,  0.00540000,  0.00140000,  0.00240000,  0.00330000,  0.00070000,  0.00220000,  0.00950000},
        { -1.00000000,  0.00330000,  0.00620000,  0.00240000,  0.00240000,  0.00050000,  0.00310000,  0.00410000,  0.00250000,  0.00120000,  0.00160000,  0.00250000,  0.01610000,  0.00090000,  0.00090000,  0.00160000,  0.00310000,  0.00230000,  0.00030000,  0.00100000,  0.00190000},
        { -1.00000000,  0.00130000,  0.00080000,  0.00050000,  0.00050000,  0.00040000,  0.00070000,  0.00070000,  0.00070000,  0.00040000,  0.00250000,  0.00490000,  0.00090000,  0.00400000,  0.00120000,  0.00040000,  0.00090000,  0.00100000,  0.00020000,  0.00060000,  0.00230000},
        { -1.00000000,  0.00160000,  0.00090000,  0.00080000,  0.00080000,  0.00050000,  0.00050000,  0.00090000,  0.00120000,  0.00080000,  0.00300000,  0.00540000,  0.00090000,  0.00120000,  0.01830000,  0.00050000,  0.00120000,  0.00120000,  0.00080000,  0.00420000,  0.00260000},
        { -1.00000000,  0.00220000,  0.00100000,  0.00090000,  0.00120000,  0.00040000,  0.00080000,  0.00140000,  0.00140000,  0.00050000,  0.00100000,  0.00140000,  0.00160000,  0.00040000,  0.00050000,  0.01910000,  0.00170000,  0.00140000,  0.00010000,  0.00050000,  0.00120000},
        { -1.00000000,  0.00630000,  0.00230000,  0.00310000,  0.00280000,  0.00100000,  0.00190000,  0.00300000,  0.00380000,  0.00110000,  0.00170000,  0.00240000,  0.00310000,  0.00090000,  0.00120000,  0.00170000,  0.01260000,  0.00470000,  0.00030000,  0.00100000,  0.00240000},
        { -1.00000000,  0.00370000,  0.00180000,  0.00220000,  0.00190000,  0.00090000,  0.00140000,  0.00200000,  0.00220000,  0.00070000,  0.00270000,  0.00330000,  0.00230000,  0.00100000,  0.00120000,  0.00140000,  0.00470000,  0.01250000,  0.00030000,  0.00090000,  0.00360000},
        { -1.00000000,  0.00040000,  0.00030000,  0.00020000,  0.00020000,  0.00010000,  0.00020000,  0.00030000,  0.00040000,  0.00020000,  0.00040000,  0.00070000,  0.00030000,  0.00020000,  0.00080000,  0.00010000,  0.00030000,  0.00030000,  0.00650000,  0.00090000,  0.00040000},
        { -1.00000000,  0.00130000,  0.00090000,  0.00070000,  0.00060000,  0.00030000,  0.00070000,  0.00090000,  0.00080000,  0.00150000,  0.00140000,  0.00220000,  0.00100000,  0.00060000,  0.00420000,  0.00050000,  0.00100000,  0.00090000,  0.00090000,  0.01020000,  0.00150000},
        { -1.00000000,  0.00510000,  0.00160000,  0.00120000,  0.00130000,  0.00140000,  0.00120000,  0.00170000,  0.00180000,  0.00060000,  0.01200000,  0.00950000,  0.00190000,  0.00230000,  0.00260000,  0.00120000,  0.00240000,  0.00360000,  0.00040000,  0.00150000,  0.01960000}
    },
    .marg = {  0.00000000,  0.07410000,  0.05160000,  0.04450000,  0.05360000,  0.02460000,  0.03400000,  0.05430000,  0.07410000,  0.02620000,  0.06790000,  0.09880000,  0.05790000,  0.02490000,  0.04730000,  0.03870000,  0.05730000,  0.05070000,  0.01320000,  0.03210000,  0.07290000}
};
*/
